0.000000000000000000
0.000016836148359898
0.000067751870237239
0.000138677406789878
0.000193401679997142
0.000172910886981986
0.000000000000000000
-0.000408358454006300
-0.001119606562467741
-0.002156243109459481
-0.003462679286212993
-0.004875422520286526
-0.006105541472302948
-0.006742225567645555
-0.006283675103679076
-0.004196692308837898
0.000000000000000002
0.006640163927986172
0.015818654324137597
0.027322838322724807
0.040603760633447152
0.054798412154463447
0.068805805164259617
0.081409443872415832
0.091429287520755173
0.097879519695774922
0.100105961553135225
0.097879519695774922
0.091429287520755187
0.081409443872415832
0.068805805164259645
0.054798412154463461
0.040603760633447158
0.027322838322724807
0.015818654324137604
0.006640163927986177
0.000000000000000002
-0.004196692308837900
-0.006283675103679082
-0.006742225567645557
-0.006105541472302947
-0.004875422520286533
-0.003462679286212993
-0.002156243109459485
-0.001119606562467745
-0.000408358454006300
0.000000000000000000
0.000172910886981986
0.000193401679997142
0.000138677406789878
0.000067751870237239
0.000016836148359898
0.000000000000000000